$ANSIBLE_VAULT;1.1;AES256
35616131393038356539333033616264316233346661376138353961343739366562316437313433
3937303766373035643530346633383536333965353339610a386136393530323938663565333835
30616166306162663339336263653537316662663139333530663465316534646633393932393065
3739336564346533360a653635653634326361313036633764626665333830386464646132386335
65356230663666393631343764396662356639613634313232616134333365643362353066313065
37656461343030643832363062323936356430343333613939323263336131626237613765366363
33393638313866336239326362343839333836613432313433373931653664393831373833376164
64393663393232613137376166383232646330353630303330356330666330393637643465346163
33613764643064373738333535313663326666333866646439623864666636353630616138643264
30333030333663643239396162343364643434666631626161656662393062396636356465616433
38666163666466643136353637663332616638336264336262313531623066646566613535353161
61636238613035613863613839336563306539346134646432643961393534393837383865333363
38646265343238333463363331353031316331656130626637613035343334326536633632343733
33653661613066363831393266616665393931633431336132333031313537653764303664383166
32353034643165313935386434643036366465336131333837313665316464636337326162326564
32333834326335643932303734396537313339306463306363623266633363313566323438643432
37313939316263333439623636323939663065333962363163623161343962343830643033623839
38303038363537613261363032343261343531366631383331383530336539373264626139656462
34326438393137613964666230373439656633383463333562363139343539623736336437346137
31623933336563643561313564663364393866623130323134643639363664353138653131656233
33383463363733313136646433633763616436306638616330663031313638633362
