$ANSIBLE_VAULT;1.1;AES256
37653264313163303933373933643062633536356434363738646266363039386135616563613366
6561616264373765623730643132306132326336636365640a666133613936373037386531633437
66633339366163383766396337343732353466313130376331326133636132393361633264653366
6265373366633730330a356237333539383463613237623838653436383263373934373364626238
39323035653564363235616130393334633933343237373266313861343639653832633732356332
32633066373765333332383865613536336230653765336263383063623335643263346361313133
61636539653332353731323037333239346231303466393466663234323038323766363463663335
32396131366465363331333233626236336364336334663233396531653766663136373062666336
39343039363034303838626231656562656138623530323263363338623163386637383965323330
65383761616263633261633161326564386630313435613135383934633163356566643836346235
65663432313538303633343431323230656365346664396139366166643861656238623831343939
33306331653636376362623438373561623062326533633230386166663062376134396163636433
65646435366232616162663165373737613437396234366135336565326332326163616364393665
38633336376139353366313931653637656163346136326633393061356432366238313365383334
34363735323133316530646233376463393061303731623061646432303361373438356534616564
61343131313936613839393936343563323533653165356437306537323563653939616364356530
34323430366264383036623364646563343433313031326561623862306133653261323938303730
38383330303966623935636234623235663939323438636364646539333865323538636436333566
35646666663433343163636534323765363463326165346539663839353234326337653263353035
64393834323737346261396165366135303862386632353037376366626238313639393263313562
31353239386466363431333833666164353539653134663038356163346436633932326261353638
63373662393866326138363133313233663630346630623461346134313734373131643166353666
64343864666361333138323838316466336330626633636535373666663935393964326633376339
35393539313661323063636430373238383565316163343835363466313665643336633334663663
32376439376563306631633732626430663261373066356231386338353838633461616464643335
64633133346261326362303238386131373034313664353362333737613766336239646264383838
32336634623831353430363561613235376135373362616131303731363163616436386266396236
39326161303263323362306262306633396266643731303239336161653163613261393138376330
30623563396462616339643834393462396238653738623634323639646462613234643933353861
39653665313464323337386466643733666139373665393362393665633666353065383835353761
64303564356531343262303437613438353239373765643635643962633638323330666237333237
65313464383235373735333566316562653363626266313766333030303330643838656234633664
31323139323834353134316462326631633839393561346330386331623063346534646633303535
36666637666336366435666666333937383063383330393736353064326133343633306533393731
35646265303033623363333266343734626261633431363634326164313561653337656332383633
62376366373331376536373861313863333133643737346536363238346338646635663632333132
31323838383038633235313530663532383337666233333763326363653138663761353162393435
37376637303937643139316165666537616334373363346663666465663539346336306134623234
66636638333763373737653036646134333737313039653966386330653264633063646533336466
65353163343065363261303435633234646264376562656536306465343036623333376662313861
61653461613163396562386563636466393839366434356231623964336161383936353230393837
38616261643761626564623163303163333938373964633138626237633831376631336539666630
61323034656135623430623439373062633963323665663461363031373539653466353761396135
38366464356431646261653339373433333835306263303033366339663963303634393465643033
66356162316235626135643935623332643261616634333835386437613733313133643332346138
3435336565613638323865336566386237653633313466643334
