$ANSIBLE_VAULT;1.1;AES256
30303661323837653266363232653731663766346134643433326666616363343861653665613966
3339363437383364653465343962393137393530306533390a613163633130386135343061636233
37343365613165663961353436396462386433626339363362393130656463643234663764343932
3566363130616338320a633663666265393438333464623366366664383861666365313962643736
30626661326461633966363839306666303566353763343433626661616535666532623466653331
35313539636231376331323030393539333334363766343363353161363038616363623731623330
65303161396434396262643130646561386238666566643039666136346636316437393635393034
61393638333833316138343031383935326634633433346637313435646266393164336338356430
61373966313137633938386134313132303731313064656665336432386138383062343233643066
37326631643838653864653161616463613035353932363338393566333835396237366261326665
63353831626233303839346637333131343363396438633239646564386163303239663834333732
63616362343431363862333661623565353035366535626266613163376236396461663030373735
37643436343764663030336531323066393039313137623465616636653934646439626162386363
65383239663431613366376335383964353630383532643435643833346130623939346235333834
62656361623935333835313232343161616162316435393638653166623631373438363865646132
32383062383165373535366232366462666239656363633366353233663063653666313931313034
33353835303466613838303030663861373032646133633837666236336636373938663964656336
36336434663437303733326261336161633432643631653330363734643539326438613835343336
36346239343731343532323838316330373665343766363464326439303831353332643630626662
64386661646530656435333937363362353862363564633535363865343831646238386336353037
66636438373963303338316430623061323963313262643933663036396234343535333863363335
35643831333462613036333266313763663166666663366639386365643836663130636139326431
33356536346133613236343263366533303961386663366164306233326664656431336432376530
61356234313765626533393236613565366532613463333939613632646431323530353537393533
62343938353932623131366630376363666133386164663165636633306633316166636238303536
30383035613131356262623736313361363262373738303461323236613065643536373837373636
63356130656438326636613830383166636637366239306466343463356562306230663135376334
34666263663932386139663962613837316632306165623861356631326364373836336666316538
33646235376364663863663638373030663561633161636165366263356634396462353366363139
30323538613461616663653631626632343634623434356361313837623337333265363636336330
61343961343635633137326438373230353136383637613862623062663764336563373633346532
61363562656664636162636532323034663531306531623266653436336361353033323930313537
61373839373039623461616636356566393337643739623234383236353435623931386430393033
35363664316666666664653832626432623331393039353539336361613832323166336131393262
39353962393131613862306264356433653464656336313439613136343632373435343038616435
33383162613363373462373962313361346161313238306265333738373531383761376131343638
63623831303435326135613034386134633630636234346434393630363462353937303133313839
35653534333532616362643262383561346337643535353334316639653039336138316261396332
33303064353236633264333130353635353039633762323864383633356133666432343962306235
63376332643933346435326135383466333531633262386266386235323763613962393863663836
33646161393931333364373930323337643632663034346137653332326235643432353137656665
31613938386365633063393236303962303461386361633633356536616137376432656337626361
34383331323434633064383865323937313861633938613064316164333732613238346433336564
61626365663633623161366366323466376235343931323036363863636364653231303363643763
37353933663038663231636439653334373931636561396334363364643539393837623938386437
39376166386630666434613061396637343533306266306433333636333234653439343634653861
35386331343234393263393032313534623431356361386431326131323833373633616261656633
32323237353162633864353961616562323761626337663235346365363230653638313461303934
37383939623130393365666234393336326532643737386661303832353162343362653936346434
33616661633931663832616530343133666663656535363835666639663935363335666138636139
66313262376539373531346465383530633436323333656164663036636466396263656466666131
36646162313432653234666439353266656261643933653531386566313432333736386263626336
64626137373734643538656637623266326338623939656435663562616639623761356437623861
33656633613464346565613565353165316463623966643466653733366530653465666461623064
34343864616239666137393239316261393962633263333565363430393863623138663532386563
64316166303862633430616561366162383834616235616638366531333065653461393262366564
34663335646264313766623161623832643064663865643563623137336161656531353231393936
32613134323439633037316439646337393163376237353464383135376336313964623935326638
38323139306438363061616266633632306637303131333231396434613531393464653133623932
63623031333031613537616130343763316663646432323365306332653337623239353737303065
39306165663030303064333530656564343237373062623939646431336231333462326136383133
61636466636132303963383164323864356633326231303430373034666662386433396230636235
37333237336561643764303866666239356661666466313033616539633761663832313533366663
65643938323636643236343431386364333030363861666461356163646534643662383433343165
62376335663164393532653834643434376639396131663138653735383235366537353739303361
34396330366438353262336164616632346462363331393538343363386339333466353764396634
66303438306266663339643863613037376564336134326230393961376437396438316466396236
38633162363431656534613161303133336466643561633232653735353931653162396161356365
39393237306539393032303534343333353361316532626165393531366564646264306434343938
30353239623462303732396634353738613663646263383334623064383865393136383234326130
37316439363731303061643062386561613766383233363362646564326135323665666633313761
64623861366433316434393462313937613063626664396464366534623861636166353237353834
37313537393664386639376565303135663966616261383065616433383432646138303431383463
65376665373631383633646235373832666236643836383665336631656536396536633638636663
66323237333064366335386663633134373838323062363136643235313139613433353337363464
32373134313137316135363164633462663534613937373565633139386236306164363334313366
37323761353430343136626132373631346263336631633965323738313035653066613232613534
39326134643662623361643837616631303437343633633661393735343539353339636237633836
66323065306236313539666433306339666463396461316139343031316139363962646634383263
34653338633335663939653264396536636633396463373635646334393930313536663530363931
36633930336132343431333665346232343666346665366338613332346539363732336635613065
31303431363064366230376134653330613836396664356432623430303136646261623635313531
34613133613738646266363337663238623434393739326564366538626632663732616136613036
32653862333333343036613665383934636466376364626331346135613263613332336137313331
65613330383435653861343264316230376664633932633664646163336134363565386362353534
62343930666661376536633830376232353135353134376536366534393437663664646235623063
64653738303932313234313862323164616161343737626135316636633530373239613862653632
34643637656463656533326333383662663961326530336238306430303264656235323037663036
32343932383631663333653236346366666463383565656235613939633666306438383137303766
36616635643038663634313035333832333732346332656539343831333530363130613262646134
61626262353535636431643035663034616232386361313330386536356332373336333438326137
66336335303731393666393063663362316630656162396537376365643239623832366463653137
66373365393261366563633933643763393434393733653130386361663733623531323262643662
64303034626330373963366433363166616239346431373036343062346263316234393934633962
35633233343065343564313565643064343738623963623266316261393561333161666439623235
65633635613762653665363033376463386665663932306361633730623139346538383464663566
33373064333863383666313563326535393239373565333739666137343961313239613835316164
36373162626639386139313137363561656534396233353433393436363036346639623464653261
32323061653066396462623832643936636339656537353032393763333266663732393532633938
63393132303862663435346639353431623030393964653337333234326165376532333631373462
31653764326664323538326566326265383662393361646330626266383663663439613565333037
64626539313661633462663062373132336465333934303530626130623364666661663839323831
34383163373530376336373339653534653738393463383362626562366364313961356338633865
63353337303838383132306435366431633536653364366234376661306135343431336333616437
37336433326266616132623265616534376665663661333230313034333231333632343261613630
30646130313236373731623461383639366135626463316564393930616131656439663735353233
30313637306365626132653765633663333138343266343035303235633830373863313236656465
62313435343534333634386561343761373130663364343736356236666234616232373866363630
31643562643065313266663139623363626230346432643036616663633935353434653262656432
36363830323437346533376630663063323639623364326631393330323432306532353165366638
32333036333430333539653530353637653164383031306336333732656564653466653438313932
38323963636466323661613566656435323838313334323531613930326561323235393961373634
63646634373266333961393830303633393430343632663431626134373535323234303832393266
31396164383137653233366364383736616433653538633035623961346362656434613734346637
34346639666536643735623862643539303861316236313965343965613737666438386233383164
36376437323162343731316635343962366437333837666434653165633062643038333031653932
64383931613639643635336562343133353964333066613464393864323363376330306566393236
36323537343430353539646166363132633132643766326364653533373334326663313132383261
39396435643531336165303963616533353839653562663233343638383362323133383465313266
35623237613036313362396431393366643434313562326264346430343838396633386132646236
65633361616336646539343665346461616536373165643834326530343561643134313632326266
61323836383133623766646166396163653435353032333264666535363433323639333531616435
30323133616332653633363766363735326435626130356333353630383131333533656166306434
39353466353734636165303630373238366465363435373563386538663261616333626236663339
36653736343666383736656335316638306434303737646137363037633138303133613466383635
65353937313031396539303662323930386562666638373064636361633663323966323139343039
36643966396665626331343634343465316665383339643965333530363361343164323439393661
37386564363463663832323635663064633762653666343535316631313835616538353531363631
30343265326133646530333665383033333938356363613964303262613537383135386661646665
36323761663532376561663932626630366432623763346334653635386661336235646237366137
37613434626562616338616230623561366266353432356462356531343765353539633439643762
33386339643264323233623637666632346462366564623037336234346339646235626663663939
65393137613638366366323861353561653962383333303030646263323030396563613038376665
38333432396565643063613161663832376239666263376561643034343861643337623335616332
34666330656561316137363364633539313965613535303030373061303738373632326630333862
39663939313639356564393538326662356231623737343461323237353962333564616266313862
39323536623663373030303331623637323961313862373763663533326632646538393165353636
62323435386464306638376239623166363136333732343262663433383264333561353035623533
64353132666235326530393030303062636265363234663235313732656537306533396365346161
30343633626236383263666463653538393530616439636336366464343935666162373137353539
35346239306430313833616131366535343466366337336533323632633761666330323930616565
35363337393337306564353634633266313432323330333437393431613236643165333363626164
66353536373738646662316230613934666137366461666362346633653862613331336130303830
36393863643931373534363062616164306466353739653139313564613537346364633036396136
34663961336466386166383266313930633631613839373833373063653732333364336465613461
36383330383437343262356532666561373566303036656133306263393535646561616130303536
66386430336638346564353234646132373864643964326463303232333933636435616432616331
33663666306335306138346261656533396239626161336565643962653564656639396237346636
36373332643738346437316330343137346134633866633137363631323730636335626533393932
30333961656663623332313262336361386130346332306363376563323062333562383933373330
35383466333866623235613731393135636637396639643464303661323132386131356463643433
32646130616261326262373238646565376461663363336139323831623065613863393266626636
65326235343763653231356132356266346561396139643062393261323664363466366136656137
65333931343137333636313061363939633138666436653533646165623939643934663837303965
30336536393034343462656137356432646132393637343061376134346639363339386134626535
64623636386432336134323366653363666536636134636433393137303435616431646337356439
65363835633632346436363363626134333763336364336163656461656530393131303636656134
62356434363964613933626362623566386135393763646161616539323731333532666432333531
64373239626132643835313630376464303333396665616664616238656462643733663734386532
37343561323333373538353835356332303130656132393465323731663737613862386231303636
34366533313933646536636630663338616335343865383636636462306266626333636263313266
31656639356631363932376237333639326563613932616238643535306639613134323265333537
32653831366135653761353637336136316436353032633466646463653761363931386265616432
32343236326536613132373861383834346138323438393665313364653632376333646530393434
36343564326637343138663166396266343638343635323430663061663836343430663366653535
34393234663238626631353761303561353564623464356633323066343130313734393865343766
38396235333338623934366637386133623537633938666366333931326261356664353635353336
37336431303532393538353832376530313537613835313964373530356532313961626636343861
38656135363766656662336263626431383964623538623934366462363337353439373937373466
63353337366666636236323535363031366233616361393936323061613039353437353834636637
33643462373062333633353139386132633737633461653732653361653433633134636630356366
61653664303863373139323664643534316364623430386237323765393664636331373133646637
38373064663734346131343566333036376466346136353666666437373963343439373936343038
31663365373165336336366335393064623331633339326666633938643565656435303730383839
35346563316231353831383666633134353737643338313539393333366430336138616333306130
31333538323363303233313231366563313636313131646563353536636539336665353561373063
63653538366332396566316333393966393636663662626639333735373461613736356161373363
30363035336332323834316465306633633762326665313662323038353631396265643962323261
39376631666633343831656630316463346461663537356633396337613265353164656636306537
30373832323439616463336466306461626235386234316436613135626135643737636463363835
61343836626164303131636639303536643561663130373235646331353263333237376538613931
32646165333565366162323363633466303535316435653438306165303663343235633462666663
61663636356133343065666333396266636561373363343530643964316663336562396438646162
34663732623938393935363730326438653063646136613864323830373763633930626261303234
65303938313163313763643534356531393531643233303438613437316665366461306465383330
65646164383033623561353634663836626338366265396666366666303731376263326461323332
39343539363131336161663133383732646636333631343130396339636330653930663064386462
30353061393764663238316231343835376131333464663136363234663964303233616639303836
61313765386436313335653062323032663362666436383561396539336366343965323835373139
65666230346432313165363135646435373365313137613463333265366235626437656531666237
33306237626465393633623762333438353330383939333537383636343763343430646331663361
38393732386131396161353065363939646165356664316235643466353536323261623963613234
39303630373433643166316538613837666433616561636434366236306362343363623031313864
38346631643534356664383139313736383839613133636337636663343039366430656233666134
34383935313830616133303439633535363932333736653937306139326263653764633738656439
62363431393037326630633439623361353464626130623434623739633334373137353930383063
62396432396563336532353661353934353964333238666563366361666637346135303931376563
38366431326365636664366365663434303039623963396236343831353561646164393031663063
36356639313636383831306661653333633065396337386139316335396466316638346530633563
33616136626231343762373531336535306330313861643461306132356533623063383630383032
30346362633635333339633666346536303765353263383466343636323163356366316664376131
3937366662636162373535386239653765636434663866386632
