$ANSIBLE_VAULT;1.1;AES256
39396332303837303565333066356465373835643735313039643833366333313766353937643761
3539663335323365363634386238383461613363333262390a323966396136396537663338306636
61643638656130316533353630343865383461393134326334303562613839323431313630393839
3237653431373436370a653835346539316561626462376433393931363235323539333765393164
65323361653732373262316631643261346134646164326665396133633664366662663666633833
30666362656363396464626666353736313566613731323630303235663665646233303435303966
63363662643737303434633462383039653332326436346364323964313639623861346662383965
37373437646636303666386134316238376134633634363638636633336431386338333166633335
35643765393035393836356438343434353739616330393732343430333235623661356535613739
32653535343730393435643336323730643665363964393938393532366664653737383433363765
30623738326264663136663261666633613838633661326462663435663130376664393733373638
64663335333363373137623662626438653662656438383833323735363736636438356264326364
63343735383331623333626338626234633564613731643762663661393535663961376566363562
3964626664326233326535653065323265336232373563383535
